OTU_id	0	1	10	11	12	13	14	15	16	17	18	19	2	20	21	22	23	24	25	26	27	28	29	3	30	31	32	33	34	35	36	37	38	39	4	40	41	42	43	44	45	46	47	48	49	5	6	7	8	9
0	1.000	0.219	-0.368	-0.456	-0.472	-0.449	-0.447	-0.489	-0.499	-0.499	-0.469	-0.540	-0.493	-0.518	-0.418	-0.461	-0.513	-0.491	-0.514	-0.539	-0.432	-0.418	-0.512	-0.523	-0.537	-0.444	-0.443	-0.490	-0.354	-0.427	-0.511	-0.487	-0.515	-0.409	-0.490	-0.453	-0.452	-0.481	-0.490	-0.475	-0.471	-0.437	-0.447	-0.464	-0.566	-0.513	-0.438	-0.411	-0.386	-0.511
1	0.219	1.000	-0.081	-0.084	-0.068	-0.050	-0.086	-0.091	-0.087	-0.200	-0.071	-0.227	-0.135	-0.133	-0.073	-0.133	-0.063	-0.114	-0.149	-0.074	-0.041	-0.188	-0.078	-0.023	-0.086	-0.157	-0.142	-0.087	-0.074	-0.098	-0.087	-0.162	-0.188	-0.081	-0.133	-0.184	-0.084	-0.171	-0.116	-0.137	-0.138	-0.132	-0.113	-0.098	-0.044	-0.115	-0.129	-0.033	-0.058	-0.194
10	-0.368	-0.081	1.000	-0.312	0.260	0.222	0.237	0.157	0.194	0.114	0.155	0.201	0.199	0.196	0.279	0.210	0.157	0.176	0.126	0.265	0.187	0.152	0.252	0.197	0.218	0.073	0.174	0.184	0.174	0.177	0.182	0.129	0.202	0.243	0.138	0.094	0.193	0.155	0.168	0.213	0.179	0.185	0.154	0.167	0.156	0.237	0.165	0.131	0.135	0.170
11	-0.456	-0.084	-0.312	1.000	0.201	0.200	0.196	0.241	0.222	0.319	0.226	0.296	0.274	0.327	0.175	0.225	0.305	0.224	0.311	0.234	0.168	0.262	0.202	0.295	0.256	0.292	0.247	0.236	0.207	0.202	0.212	0.281	0.203	0.180	0.291	0.270	0.202	0.180	0.268	0.202	0.265	0.190	0.165	0.257	0.331	0.190	0.135	0.138	0.217	0.239
12	-0.472	-0.068	0.260	0.201	1.000	0.481	0.276	0.279	0.189	0.106	0.193	0.245	0.202	0.257	0.227	0.132	0.208	0.168	0.175	0.217	0.165	0.201	0.246	0.301	0.276	0.248	0.111	0.305	0.168	0.263	0.252	0.211	0.219	0.168	0.182	0.207	0.127	0.142	0.289	0.254	0.144	0.272	0.260	0.156	0.300	0.221	0.163	0.205	0.165	0.228
13	-0.449	-0.050	0.222	0.200	0.481	1.000	0.233	0.290	0.161	0.205	0.276	0.227	0.205	0.243	0.148	0.207	0.274	0.152	0.257	0.241	0.119	0.187	0.234	0.249	0.306	0.175	0.146	0.227	0.251	0.161	0.257	0.228	0.137	0.092	0.229	0.201	0.152	0.126	0.283	0.204	0.202	0.326	0.263	0.162	0.342	0.201	0.217	0.150	0.129	0.213
14	-0.447	-0.086	0.237	0.196	0.276	0.233	1.000	-0.049	0.176	0.216	0.176	0.215	0.248	0.266	0.253	0.241	0.204	0.211	0.173	0.182	0.159	0.226	0.256	0.242	0.192	0.185	0.184	0.168	0.175	0.157	0.200	0.219	0.248	0.168	0.179	0.230	0.244	0.206	0.239	0.164	0.236	0.150	0.205	0.248	0.262	0.220	0.176	0.212	0.218	0.275
15	-0.489	-0.091	0.157	0.241	0.279	0.290	-0.049	1.000	0.185	0.164	0.253	0.254	0.234	0.193	0.148	0.324	0.290	0.189	0.331	0.269	0.158	0.163	0.239	0.260	0.342	0.215	0.196	0.247	0.171	0.211	0.229	0.197	0.256	0.237	0.236	0.207	0.189	0.242	0.253	0.232	0.223	0.264	0.306	0.149	0.235	0.293	0.185	0.109	0.197	0.209
16	-0.499	-0.087	0.194	0.222	0.189	0.161	0.176	0.185	1.000	0.165	0.222	0.290	0.243	0.277	0.202	0.221	0.283	0.211	0.282	0.320	0.263	0.165	0.334	0.321	0.252	0.235	0.333	0.236	0.145	0.178	0.258	0.258	0.336	0.195	0.236	0.245	0.235	0.239	0.260	0.315	0.196	0.110	0.233	0.299	0.293	0.234	0.239	0.239	0.121	0.263
17	-0.499	-0.200	0.114	0.319	0.106	0.205	0.216	0.164	0.165	1.000	0.175	0.262	0.309	0.256	0.145	0.180	0.250	0.257	0.296	0.274	0.307	0.245	0.164	0.188	0.242	0.358	0.272	0.295	0.203	0.173	0.245	0.252	0.288	0.229	0.298	0.288	0.311	0.248	0.242	0.263	0.294	0.217	0.179	0.244	0.214	0.161	0.178	0.173	0.184	0.332
18	-0.469	-0.071	0.155	0.226	0.193	0.276	0.176	0.253	0.222	0.175	1.000	0.270	0.165	0.207	0.214	0.202	0.310	0.281	0.280	0.289	0.123	0.189	0.175	0.249	0.256	0.166	0.138	0.304	0.190	0.208	0.252	0.236	0.324	0.163	0.137	0.168	0.242	0.250	0.190	0.181	0.189	0.213	0.299	0.160	0.236	0.271	0.182	0.233	0.190	0.292
19	-0.540	-0.227	0.201	0.296	0.245	0.227	0.215	0.254	0.290	0.262	0.270	1.000	0.302	0.231	0.290	0.314	0.234	0.248	0.231	0.219	0.232	0.321	0.185	0.237	0.308	0.242	0.250	0.308	0.121	0.233	0.185	0.231	0.347	0.178	0.314	0.229	0.225	0.303	0.322	0.327	0.341	0.219	0.246	0.233	0.232	0.275	0.225	0.179	0.248	0.275
2	-0.493	-0.135	0.199	0.274	0.202	0.205	0.248	0.234	0.243	0.309	0.165	0.302	1.000	0.346	0.203	0.253	0.219	0.138	0.296	0.231	0.218	0.229	0.272	0.306	0.272	0.253	0.278	0.217	0.145	0.310	0.195	0.237	0.197	0.219	0.275	0.227	0.285	0.371	0.186	0.340	0.232	0.208	0.158	0.266	0.285	0.164	0.146	0.093	0.095	0.223
20	-0.518	-0.133	0.196	0.327	0.257	0.243	0.266	0.193	0.277	0.256	0.207	0.231	0.346	1.000	0.173	0.235	0.236	0.320	0.238	0.314	0.203	0.218	0.276	0.293	0.285	0.365	0.248	0.213	0.168	0.237	0.308	0.303	0.298	0.268	0.310	0.261	0.212	0.133	0.258	0.279	0.270	0.295	0.205	0.283	0.336	0.216	0.199	0.294	0.224	0.292
21	-0.418	-0.073	0.279	0.175	0.227	0.148	0.253	0.148	0.202	0.145	0.214	0.290	0.203	0.173	1.000	0.237	0.264	0.229	0.128	0.215	0.142	0.190	0.219	0.194	0.285	0.199	0.082	0.182	0.181	0.192	0.177	0.236	0.216	0.208	0.237	0.186	0.195	0.170	0.244	0.206	0.254	0.212	0.164	0.236	0.210	0.224	0.215	0.122	0.154	0.205
22	-0.461	-0.133	0.210	0.225	0.132	0.207	0.241	0.324	0.221	0.180	0.202	0.314	0.253	0.235	0.237	1.000	0.117	0.124	0.200	0.239	0.165	0.231	0.312	0.165	0.265	0.198	0.228	0.264	0.197	0.248	0.234	0.247	0.236	0.209	0.221	0.294	0.231	0.237	0.288	0.308	0.171	0.173	0.198	0.179	0.323	0.244	0.112	0.151	0.189	0.156
23	-0.513	-0.063	0.157	0.305	0.208	0.274	0.204	0.290	0.283	0.250	0.310	0.234	0.219	0.236	0.264	0.117	1.000	0.282	0.287	0.268	0.249	0.209	0.167	0.241	0.255	0.218	0.157	0.221	0.249	0.201	0.295	0.273	0.234	0.182	0.168	0.224	0.221	0.186	0.220	0.181	0.222	0.254	0.271	0.339	0.303	0.274	0.209	0.180	0.203	0.355
24	-0.491	-0.114	0.176	0.224	0.168	0.152	0.211	0.189	0.211	0.257	0.281	0.248	0.138	0.320	0.229	0.124	0.282	1.000	0.285	0.287	0.241	0.143	0.293	0.305	0.180	0.172	0.215	0.211	0.186	0.129	0.286	0.235	0.310	0.237	0.211	0.298	0.181	0.227	0.270	0.166	0.177	0.153	0.182	0.268	0.274	0.240	0.201	0.175	0.122	0.335
25	-0.514	-0.149	0.126	0.311	0.175	0.257	0.173	0.331	0.282	0.296	0.280	0.231	0.296	0.238	0.128	0.200	0.287	0.285	1.000	0.281	0.256	0.171	0.313	0.238	0.339	0.141	0.282	0.249	0.199	0.123	0.275	0.295	0.269	0.263	0.196	0.230	0.204	0.272	0.353	0.241	0.315	0.221	0.203	0.232	0.274	0.273	0.255	0.151	0.220	0.324
26	-0.539	-0.074	0.265	0.234	0.217	0.241	0.182	0.269	0.320	0.274	0.289	0.219	0.231	0.314	0.215	0.239	0.268	0.287	0.281	1.000	0.241	0.212	0.331	0.278	0.263	0.216	0.270	0.272	0.241	0.283	0.276	0.238	0.298	0.201	0.190	0.235	0.237	0.279	0.289	0.262	0.203	0.233	0.236	0.174	0.280	0.265	0.255	0.130	0.209	0.243
27	-0.432	-0.041	0.187	0.168	0.165	0.119	0.159	0.158	0.263	0.307	0.123	0.232	0.218	0.203	0.142	0.165	0.249	0.241	0.256	0.241	1.000	0.116	0.272	0.149	0.167	0.174	0.263	0.145	0.172	0.162	0.265	0.106	0.327	0.242	0.225	0.237	0.268	0.228	0.180	0.281	0.188	0.167	0.133	0.195	0.204	0.169	0.175	0.187	0.188	0.227
28	-0.418	-0.188	0.152	0.262	0.201	0.187	0.226	0.163	0.165	0.245	0.189	0.321	0.229	0.218	0.190	0.231	0.209	0.143	0.171	0.212	0.116	1.000	0.203	0.233	0.216	0.221	0.077	0.246	0.154	0.268	0.128	0.155	0.245	0.200	0.194	0.159	0.200	0.132	0.270	0.249	0.220	0.241	0.097	0.191	0.219	0.199	0.134	0.207	0.124	0.227
29	-0.512	-0.078	0.252	0.202	0.246	0.234	0.256	0.239	0.334	0.164	0.175	0.185	0.272	0.276	0.219	0.312	0.167	0.293	0.313	0.331	0.272	0.203	1.000	0.313	0.209	0.167	0.370	0.218	0.277	0.168	0.288	0.279	0.202	0.178	0.197	0.174	0.236	0.325	0.200	0.323	0.254	0.193	0.197	0.266	0.371	0.245	0.144	0.248	0.141	0.252
3	-0.523	-0.023	0.197	0.295	0.301	0.249	0.242	0.260	0.321	0.188	0.249	0.237	0.306	0.293	0.194	0.165	0.241	0.305	0.238	0.278	0.149	0.233	0.313	1.000	0.234	0.205	0.253	0.325	0.226	0.308	0.268	0.196	0.204	0.303	0.261	0.254	0.214	0.153	0.212	0.237	0.227	0.212	0.200	0.310	0.330	0.195	0.260	0.182	0.173	0.244
30	-0.537	-0.086	0.218	0.256	0.276	0.306	0.192	0.342	0.252	0.242	0.256	0.308	0.272	0.285	0.285	0.265	0.255	0.180	0.339	0.263	0.167	0.216	0.209	0.234	1.000	0.228	0.183	0.298	0.156	0.242	0.174	0.303	0.361	0.172	0.192	0.183	0.173	0.273	0.277	0.219	0.302	0.102	0.250	0.225	0.313	0.242	0.267	0.223	0.265	0.326
31	-0.444	-0.157	0.073	0.292	0.248	0.175	0.185	0.215	0.235	0.358	0.166	0.242	0.253	0.365	0.199	0.198	0.218	0.172	0.141	0.216	0.174	0.221	0.167	0.205	0.228	1.000	0.106	0.158	0.165	0.214	0.227	0.184	0.196	0.196	0.240	0.194	0.284	0.202	0.166	0.220	0.201	0.256	0.271	0.299	0.241	0.162	0.116	0.181	0.189	0.214
32	-0.443	-0.142	0.174	0.247	0.111	0.146	0.184	0.196	0.333	0.272	0.138	0.250	0.278	0.248	0.082	0.228	0.157	0.215	0.282	0.270	0.263	0.077	0.370	0.253	0.183	0.106	1.000	0.218	0.161	0.201	0.278	0.235	0.229	0.129	0.165	0.271	0.255	0.306	0.264	0.255	0.131	0.208	0.182	0.225	0.342	0.233	0.127	0.110	0.198	0.269
33	-0.490	-0.087	0.184	0.236	0.305	0.227	0.168	0.247	0.236	0.295	0.304	0.308	0.217	0.213	0.182	0.264	0.221	0.211	0.249	0.272	0.145	0.246	0.218	0.325	0.298	0.158	0.218	1.000	0.180	0.370	0.251	0.178	0.296	0.142	0.270	0.239	0.195	0.227	0.334	0.225	0.219	0.185	0.219	0.182	0.299	0.238	0.247	0.222	0.173	0.241
34	-0.354	-0.074	0.174	0.207	0.168	0.251	0.175	0.171	0.145	0.203	0.190	0.121	0.145	0.168	0.181	0.197	0.249	0.186	0.199	0.241	0.172	0.154	0.277	0.226	0.156	0.165	0.161	0.180	1.000	0.094	0.227	0.130	0.154	0.243	0.179	0.195	0.167	0.110	0.170	0.180	0.184	0.195	0.175	0.174	0.218	0.183	0.213	0.178	0.120	0.273
35	-0.427	-0.098	0.177	0.202	0.263	0.161	0.157	0.211	0.178	0.173	0.208	0.233	0.310	0.237	0.192	0.248	0.201	0.129	0.123	0.283	0.162	0.268	0.168	0.308	0.242	0.214	0.201	0.370	0.094	1.000	0.202	0.160	0.213	0.163	0.143	0.201	0.189	0.290	0.272	0.245	0.165	0.228	0.201	0.222	0.320	0.252	0.177	0.210	0.186	0.176
36	-0.511	-0.087	0.182	0.212	0.252	0.257	0.200	0.229	0.258	0.245	0.252	0.185	0.195	0.308	0.177	0.234	0.295	0.286	0.275	0.276	0.265	0.128	0.288	0.268	0.174	0.227	0.278	0.251	0.227	0.202	1.000	0.285	0.306	0.129	0.194	0.229	0.254	0.208	0.262	0.223	0.226	0.186	0.261	0.231	0.285	0.285	0.294	0.277	0.122	0.263
37	-0.487	-0.162	0.129	0.281	0.211	0.228	0.219	0.197	0.258	0.252	0.236	0.231	0.237	0.303	0.236	0.247	0.273	0.235	0.295	0.238	0.106	0.155	0.279	0.196	0.303	0.184	0.235	0.178	0.130	0.160	0.285	1.000	0.257	0.109	0.173	0.178	0.186	0.308	0.305	0.221	0.270	0.225	0.191	0.221	0.247	0.290	0.241	0.253	0.203	0.255
38	-0.515	-0.188	0.202	0.203	0.219	0.137	0.248	0.256	0.336	0.288	0.324	0.347	0.197	0.298	0.216	0.236	0.234	0.310	0.269	0.298	0.327	0.245	0.202	0.204	0.361	0.196	0.229	0.296	0.154	0.213	0.306	0.257	1.000	0.231	0.160	0.240	0.281	0.234	0.248	0.235	0.201	0.138	0.269	0.236	0.249	0.222	0.288	0.243	0.189	0.358
39	-0.409	-0.081	0.243	0.180	0.168	0.092	0.168	0.237	0.195	0.229	0.163	0.178	0.219	0.268	0.208	0.209	0.182	0.237	0.263	0.201	0.242	0.200	0.178	0.303	0.172	0.196	0.129	0.142	0.243	0.163	0.129	0.109	0.231	1.000	0.291	0.177	0.223	0.142	0.142	0.200	0.142	0.208	0.110	0.229	0.214	0.262	0.178	0.175	0.197	0.192
4	-0.490	-0.133	0.138	0.291	0.182	0.229	0.179	0.236	0.236	0.298	0.137	0.314	0.275	0.310	0.237	0.221	0.168	0.211	0.196	0.190	0.225	0.194	0.197	0.261	0.192	0.240	0.165	0.270	0.179	0.143	0.194	0.173	0.160	0.291	1.000	0.202	0.129	0.267	0.241	0.252	0.239	0.221	0.168	0.233	0.240	0.352	0.175	0.207	0.135	0.148
40	-0.453	-0.184	0.094	0.270	0.207	0.201	0.230	0.207	0.245	0.288	0.168	0.229	0.227	0.261	0.186	0.294	0.224	0.298	0.230	0.235	0.237	0.159	0.174	0.254	0.183	0.194	0.271	0.239	0.195	0.201	0.229	0.178	0.240	0.177	0.202	1.000	0.233	0.113	0.322	0.266	0.135	0.308	0.253	0.159	0.215	0.207	0.134	0.161	0.182	0.290
41	-0.452	-0.084	0.193	0.202	0.127	0.152	0.244	0.189	0.235	0.311	0.242	0.225	0.285	0.212	0.195	0.231	0.221	0.181	0.204	0.237	0.268	0.200	0.236	0.214	0.173	0.284	0.255	0.195	0.167	0.189	0.254	0.186	0.281	0.223	0.129	0.233	1.000	0.217	0.138	0.217	0.219	0.203	0.239	0.253	0.189	0.260	0.208	0.227	0.120	0.208
42	-0.481	-0.171	0.155	0.180	0.142	0.126	0.206	0.242	0.239	0.248	0.250	0.303	0.371	0.133	0.170	0.237	0.186	0.227	0.272	0.279	0.228	0.132	0.325	0.153	0.273	0.202	0.306	0.227	0.110	0.290	0.208	0.308	0.234	0.142	0.267	0.113	0.217	1.000	0.211	0.218	0.204	0.248	0.224	0.209	0.179	0.280	0.181	0.151	0.138	0.169
43	-0.490	-0.116	0.168	0.268	0.289	0.283	0.239	0.253	0.260	0.242	0.190	0.322	0.186	0.258	0.244	0.288	0.220	0.270	0.353	0.289	0.180	0.270	0.200	0.212	0.277	0.166	0.264	0.334	0.170	0.272	0.262	0.305	0.248	0.142	0.241	0.322	0.138	0.211	1.000	0.226	0.281	0.293	0.282	0.208	0.325	0.289	0.209	0.164	0.219	0.219
44	-0.475	-0.137	0.213	0.202	0.254	0.204	0.164	0.232	0.315	0.263	0.181	0.327	0.340	0.279	0.206	0.308	0.181	0.166	0.241	0.262	0.281	0.249	0.323	0.237	0.219	0.220	0.255	0.225	0.180	0.245	0.223	0.221	0.235	0.200	0.252	0.266	0.217	0.218	0.226	1.000	0.221	0.274	0.233	0.151	0.287	0.208	0.202	0.175	0.194	0.229
45	-0.471	-0.138	0.179	0.265	0.144	0.202	0.236	0.223	0.196	0.294	0.189	0.341	0.232	0.270	0.254	0.171	0.222	0.177	0.315	0.203	0.188	0.220	0.254	0.227	0.302	0.201	0.131	0.219	0.184	0.165	0.226	0.270	0.201	0.142	0.239	0.135	0.219	0.204	0.281	0.221	1.000	0.181	0.241	0.240	0.308	0.275	0.267	0.185	0.254	0.171
46	-0.437	-0.132	0.185	0.190	0.272	0.326	0.150	0.264	0.110	0.217	0.213	0.219	0.208	0.295	0.212	0.173	0.254	0.153	0.221	0.233	0.167	0.241	0.193	0.212	0.102	0.256	0.208	0.185	0.195	0.228	0.186	0.225	0.138	0.208	0.221	0.308	0.203	0.248	0.293	0.274	0.181	1.000	0.250	0.223	0.212	0.262	0.091	0.108	0.273	0.210
47	-0.447	-0.113	0.154	0.165	0.260	0.263	0.205	0.306	0.233	0.179	0.299	0.246	0.158	0.205	0.164	0.198	0.271	0.182	0.203	0.236	0.133	0.097	0.197	0.200	0.250	0.271	0.182	0.219	0.175	0.201	0.261	0.191	0.269	0.110	0.168	0.253	0.239	0.224	0.282	0.233	0.241	0.250	1.000	0.242	0.195	0.276	0.240	0.184	0.178	0.175
48	-0.464	-0.098	0.167	0.257	0.156	0.162	0.248	0.149	0.299	0.244	0.160	0.233	0.266	0.283	0.236	0.179	0.339	0.268	0.232	0.174	0.195	0.191	0.266	0.310	0.225	0.299	0.225	0.182	0.174	0.222	0.231	0.221	0.236	0.229	0.233	0.159	0.253	0.209	0.208	0.151	0.240	0.223	0.242	1.000	0.316	0.294	0.176	0.146	0.164	0.268
49	-0.566	-0.044	0.156	0.331	0.300	0.342	0.262	0.235	0.293	0.214	0.236	0.232	0.285	0.336	0.210	0.323	0.303	0.274	0.274	0.280	0.204	0.219	0.371	0.330	0.313	0.241	0.342	0.299	0.218	0.320	0.285	0.247	0.249	0.214	0.240	0.215	0.189	0.179	0.325	0.287	0.308	0.212	0.195	0.316	1.000	0.255	0.132	0.294	0.287	0.289
5	-0.513	-0.115	0.237	0.190	0.221	0.201	0.220	0.293	0.234	0.161	0.271	0.275	0.164	0.216	0.224	0.244	0.274	0.240	0.273	0.265	0.169	0.199	0.245	0.195	0.242	0.162	0.233	0.238	0.183	0.252	0.285	0.290	0.222	0.262	0.352	0.207	0.260	0.280	0.289	0.208	0.275	0.262	0.276	0.294	0.255	1.000	0.249	0.205	0.165	0.262
6	-0.438	-0.129	0.165	0.135	0.163	0.217	0.176	0.185	0.239	0.178	0.182	0.225	0.146	0.199	0.215	0.112	0.209	0.201	0.255	0.255	0.175	0.134	0.144	0.260	0.267	0.116	0.127	0.247	0.213	0.177	0.294	0.241	0.288	0.178	0.175	0.134	0.208	0.181	0.209	0.202	0.267	0.091	0.240	0.176	0.132	0.249	1.000	0.184	0.080	0.198
7	-0.411	-0.033	0.131	0.138	0.205	0.150	0.212	0.109	0.239	0.173	0.233	0.179	0.093	0.294	0.122	0.151	0.180	0.175	0.151	0.130	0.187	0.207	0.248	0.182	0.223	0.181	0.110	0.222	0.178	0.210	0.277	0.253	0.243	0.175	0.207	0.161	0.227	0.151	0.164	0.175	0.185	0.108	0.184	0.146	0.294	0.205	0.184	1.000	0.135	0.242
8	-0.386	-0.058	0.135	0.217	0.165	0.129	0.218	0.197	0.121	0.184	0.190	0.248	0.095	0.224	0.154	0.189	0.203	0.122	0.220	0.209	0.188	0.124	0.141	0.173	0.265	0.189	0.198	0.173	0.120	0.186	0.122	0.203	0.189	0.197	0.135	0.182	0.120	0.138	0.219	0.194	0.254	0.273	0.178	0.164	0.287	0.165	0.080	0.135	1.000	0.259
9	-0.511	-0.194	0.170	0.239	0.228	0.213	0.275	0.209	0.263	0.332	0.292	0.275	0.223	0.292	0.205	0.156	0.355	0.335	0.324	0.243	0.227	0.227	0.252	0.244	0.326	0.214	0.269	0.241	0.273	0.176	0.263	0.255	0.358	0.192	0.148	0.290	0.208	0.169	0.219	0.229	0.171	0.210	0.175	0.268	0.289	0.262	0.198	0.242	0.259	1.000